0, 32848
2.27273e-05, 32782
4.54545e-05, 32830
6.81818e-05, 32867
9.09091e-05, 32872
0.000113636, 32967
0.000136364, 33029
0.000159091, 32899
0.000181818, 32994
0.000204545, 32979
0.000227273, 32972
0.00025, 32968
0.000272727, 33053
0.000295454, 33014
0.000318181, 32886
0.000340909, 32913
0.000363636, 32873
0.000386363, 32933
0.00040909, 32919
0.000431817, 33030
0.000454544, 32955
0.000477272, 32956
0.000499999, 32947
0.000522726, 32920
0.000545454, 32948
0.000568181, 32919
0.000590908, 33057
0.000613635, 33015
0.000636363, 32881
0.00065909, 32900
0.000681817, 33006
0.000704545, 33068
0.000727272, 33154
0.000749999, 33099
0.000772726, 33030
0.000795454, 33118
0.000818181, 33016
0.000840908, 33154
0.000863636, 33014
0.000886363, 33014
0.00090909, 33026
0.000931818, 32922
0.000954545, 32863
0.000977272, 32961
0.000999999, 32978
0.00102273, 32906
0.00104545, 32886
0.00106818, 32853
0.00109091, 32869
0.00111363, 32692
0.00113636, 32738
0.00115909, 32773
0.00118182, 32683
0.00120454, 32806
0.00122727, 32822
0.00125, 32696
0.00127272, 32809
0.00129545, 32755
0.00131818, 32906
0.00134091, 32836
0.00136363, 32717
0.00138636, 32811
0.00140909, 32719
0.00143181, 32723
0.00145454, 32709
0.00147727, 32661
0.00149999, 32694
0.00152272, 32723
0.00154545, 32645
0.00156818, 32585
0.0015909, 32610
0.00161363, 32656
0.00163636, 32640
0.00165908, 32590
0.00168181, 32628
0.00170454, 32563
0.00172727, 32638
0.00174999, 32593
0.00177272, 32583
0.00179545, 32741
0.00181817, 32768
0.0018409, 32718
0.00186363, 32758
0.00188635, 32781
0.00190908, 32803
0.00193181, 32856
0.00195454, 32775
0.00197726, 32903
0.00199999, 32915
0.00202272, 32822
0.00204544, 32986
0.00206817, 32976
0.0020909, 32940
0.00211363, 33044
0.00213635, 32962
0.00215908, 32978
0.00218181, 32887
0.00220453, 32978
0.00222726, 32951
0.00224999, 32907
0.00227271, 32949
0.00229544, 32981
0.00231817, 32884
0.0023409, 32916
0.00236362, 33009
0.00238635, 32836
0.00240908, 32948
0.0024318, 32955
0.00245453, 32954
0.00247726, 32891
0.00249999, 32981
0.00252271, 33038
0.00254544, 33038
0.00256817, 33067
0.00259089, 33084
0.00261362, 33013
0.00263635, 33010
0.00265908, 33077
0.0026818, 32974
0.00270453, 33092
0.00272726, 33149
0.00274998, 33052
0.00277271, 33034
0.00279544, 33089
0.00281816, 33076
0.00284089, 32904
0.00286362, 32896
0.00288635, 32921
0.00290907, 32800
0.0029318, 32880
0.00295453, 32775
0.00297725, 32832
0.00299998, 32777
0.00302271, 32797
0.00304543, 32782
0.00306816, 32856
0.00309089, 32834
0.00311362, 32638
0.00313634, 32844
0.00315907, 32721
0.0031818, 32694
0.00320452, 32770
0.00322725, 32661
0.00324998, 32705
0.00327271, 32751
0.00329543, 32694
0.00331816, 32663
0.00334089, 32777
0.00336361, 32725
0.00338634, 32761
0.00340907, 32817
0.0034318, 32654
0.00345452, 32540
0.00347725, 32581
0.00349998, 32563
0.0035227, 32610
0.00354543, 32544
0.00356816, 32576
0.00359088, 32561
0.00361361, 32571
0.00363634, 32630
0.00365907, 32644
0.00368179, 32591
0.00370452, 32670
0.00372725, 32691
0.00374997, 32727
0.0037727, 32763
0.00379543, 32719
0.00381816, 32777
0.00384088, 32859
0.00386361, 32839
0.00388634, 32915
0.00390906, 32896
0.00393179, 32850
0.00395451, 32988
0.00397724, 32961
0.00399997, 32946
0.00402269, 33034
0.00404542, 32902
0.00406815, 32894
0.00409087, 32968
0.0041136, 32961
0.00413632, 32975
0.00415905, 32911
0.00418178, 32912
0.0042045, 32910
0.00422723, 32949
0.00424995, 32890
0.00427268, 32852
0.00429541, 32915
0.00431813, 32947
0.00434086, 32956
0.00436358, 32923
0.00438631, 32984
0.00440904, 32982
0.00443176, 32942
0.00445449, 33012
0.00447722, 33072
0.00449994, 32969
0.00452267, 33047
0.00454539, 33080
0.00456812, 33039
0.00459085, 33168
0.00461357, 33047
0.0046363, 33102
0.00465903, 33128
0.00468175, 33053
0.00470448, 33051
0.0047272, 32936
0.00474993, 32909
0.00477266, 32926
0.00479538, 32809
0.00481811, 32922
0.00484083, 32823
0.00486356, 32824
0.00488629, 32835
0.00490901, 32728
0.00493174, 32832
0.00495446, 32718
0.00497719, 32816
0.00499992, 32726
0.00502264, 32741
0.00504537, 32645
0.0050681, 32670
0.00509082, 32771
0.00511355, 32732
0.00513627, 32739
0.005159, 32743
0.00518173, 32672
0.00520445, 32742
0.00522718, 32693
0.0052499, 32709
0.00527263, 32674
0.00529536, 32759
0.00531808, 32629
0.00534081, 32630
0.00536354, 32670
0.00538626, 32704
0.00540899, 32658
0.00543171, 32728
0.00545444, 32630
0.00547717, 32624
0.00549989, 32654
0.00552262, 32599
0.00554534, 32554
0.00556807, 32458
0.0055908, 32635
0.00561352, 32719
0.00563625, 32744
0.00565897, 32677
0.0056817, 32756
0.00570443, 32858
0.00572715, 32880
0.00574988, 32834
0.00577261, 32916
0.00579533, 32906
0.00581806, 32914
0.00584078, 33000
0.00586351, 32959
0.00588624, 32965
0.00590896, 32930
0.00593169, 33026
0.00595441, 32894
0.00597714, 32960
0.00599987, 32965
0.00602259, 32945
0.00604532, 32853
0.00606805, 32925
0.00609077, 33008
0.0061135, 32907
0.00613622, 33006
0.00615895, 32870
0.00618168, 32903
0.0062044, 33067
0.00622713, 32933
0.00624985, 32826
0.00627258, 32989
0.00629531, 33084
0.00631803, 33094
0.00634076, 32955
0.00636348, 33061
0.00638621, 32953
0.00640894, 33041
0.00643166, 33075
0.00645439, 33085
0.00647712, 33113
0.00649984, 33090
0.00652257, 33127
0.00654529, 33042
0.00656802, 32954
0.00659075, 33065
0.00661347, 33050
0.0066362, 32981
0.00665893, 32941
0.00668165, 32910
0.00670438, 32950
0.0067271, 32918
0.00674983, 32746
0.00677256, 32791
0.00679528, 32742
0.00681801, 32743
0.00684073, 32786
0.00686346, 32669
0.00688619, 32774
0.00690891, 32703
0.00693164, 32790
0.00695436, 32861
0.00697709, 32748
0.00699982, 32726
0.00702254, 32754
0.00704527, 32768
0.007068, 32693
0.00709072, 32706
0.00711345, 32802
0.00713617, 32762
0.0071589, 32724
0.00718163, 32730
0.00720435, 32777
0.00722708, 32730
0.0072498, 32631
0.00727253, 32748
0.00729526, 32589
0.00731798, 32659
0.00734071, 32640
0.00736343, 32623
0.00738616, 32615
0.00740889, 32512
0.00743161, 32505
0.00745434, 32631
0.00747707, 32673
0.00749979, 32653
0.00752252, 32651
0.00754524, 32683
0.00756797, 32788
0.0075907, 32761
0.00761342, 32871
0.00763615, 32778
0.00765887, 32860
0.0076816, 32963
0.00770433, 32918
0.00772705, 32847
0.00774978, 32906
0.00777251, 32913
0.00779523, 32964
0.00781796, 33042
0.00784068, 32970
0.00786341, 32984
0.00788613, 32970
0.00790885, 32972
0.00793158, 33003
0.0079543, 32993
0.00797703, 32952
0.00799975, 32931
0.00802248, 32989
0.0080452, 32860
0.00806792, 32980
0.00809065, 32909
0.00811337, 32969
0.0081361, 32929
0.00815882, 32980
0.00818155, 32983
0.00820427, 33023
0.00822699, 32980
0.00824972, 33005
0.00827244, 33124
0.00829517, 33084
0.00831789, 33213
0.00834062, 33118
0.00836334, 33155
0.00838606, 33000
0.00840879, 33126
0.00843151, 33097
0.00845424, 33006
0.00847696, 32993
0.00849969, 33036
0.00852241, 33001
0.00854513, 32964
0.00856786, 32944
0.00859058, 32867
0.00861331, 32878
0.00863603, 32843
0.00865876, 32700
0.00868148, 32751
0.0087042, 32774
0.00872693, 32723
0.00874965, 32695
0.00877238, 32649
0.0087951, 32680
0.00881783, 32714
0.00884055, 32752
0.00886327, 32693
0.008886, 32752
0.00890872, 32751
0.00893145, 32765
0.00895417, 32756
0.0089769, 32854
0.00899962, 32758
0.00902234, 32700
0.00904507, 32709
0.00906779, 32613
0.00909052, 32660
0.00911324, 32617
0.00913597, 32605
0.00915869, 32676
0.00918141, 32637
0.00920414, 32609
0.00922686, 32564
0.00924959, 32686
0.00927231, 32609
0.00929504, 32561
0.00931776, 32655
0.00934048, 32602
0.00936321, 32617
0.00938593, 32603
0.00940866, 32706
0.00943138, 32788
0.00945411, 32745
0.00947683, 32762
0.00949955, 32849
0.00952228, 32769
0.009545, 32833
0.00956773, 32813
0.00959045, 32811
0.00961317, 32911
0.0096359, 32830
0.00965862, 33042
0.00968135, 33034
0.00970407, 32946
0.0097268, 33003
0.00974952, 32938
0.00977224, 33004
0.00979497, 32967
0.00981769, 32957
0.00984042, 32946
0.00986314, 32965
0.00988587, 32923
0.00990859, 33065
0.00993131, 32967
0.00995404, 32921
0.00997676, 32854
0.00999949, 33027
0.0100222, 32943
0.0100449, 32974
0.0100677, 32946
0.0100904, 32991
0.0101131, 32967
0.0101358, 32963
0.0101586, 33117
0.0101813, 33060
0.010204, 33077
0.0102267, 33035
0.0102495, 33045
0.0102722, 32996
0.0102949, 32969
0.0103176, 33033
0.0103404, 33131
0.0103631, 32990
0.0103858, 33029
0.0104085, 32899
0.0104312, 32925
0.010454, 32968
0.0104767, 32887
0.0104994, 32862
0.0105221, 32800
0.0105449, 32714
0.0105676, 32845
0.0105903, 32835
0.010613, 32766
0.0106358, 32827
0.0106585, 32823
0.0106812, 32726
0.0107039, 32675
0.0107267, 32697
0.0107494, 32681
0.0107721, 32755
0.0107948, 32814
0.0108176, 32746
0.0108403, 32678
0.010863, 32680
0.0108857, 32706
0.0109085, 32736
0.0109312, 32869
0.0109539, 32690
0.0109766, 32694
0.0109994, 32605
0.0110221, 32630
0.0110448, 32700
0.0110675, 32603
0.0110903, 32624
0.011113, 32537
0.0111357, 32662
0.0111584, 32641
0.0111811, 32721
0.0112039, 32698
0.0112266, 32623
0.0112493, 32667
0.011272, 32621
0.0112948, 32781
0.0113175, 32748
0.0113402, 32765
0.0113629, 32734
0.0113857, 32882
0.0114084, 32864
0.0114311, 32853
0.0114538, 32905
0.0114766, 32847
0.0114993, 32873
0.011522, 32900
0.0115447, 32933
0.0115675, 32932
0.0115902, 32962
0.0116129, 32908
0.0116356, 32882
0.0116584, 32864
0.0116811, 32884
0.0117038, 32936
0.0117265, 32967
0.0117493, 32990
0.011772, 32923
0.0117947, 32968
0.0118174, 32992
0.0118402, 32902
0.0118629, 32884
0.0118856, 32943
0.0119083, 32928
0.0119311, 32947
0.0119538, 32974
0.0119765, 33005
0.0119992, 32935
0.0120219, 33009
0.0120447, 33006
0.0120674, 32996
0.0120901, 33100
0.0121128, 33088
0.0121356, 33030
0.0121583, 33083
0.012181, 33060
0.0122037, 33013
0.0122265, 33046
0.0122492, 33062
0.0122719, 33039
0.0122946, 32962
0.0123174, 32945
0.0123401, 32945
0.0123628, 32874
0.0123855, 32856
0.0124083, 32909
0.012431, 32844
0.0124537, 32744
0.0124764, 32744
0.0124992, 32785
0.0125219, 32714
0.0125446, 32726
0.0125673, 32714
0.0125901, 32720
0.0126128, 32738
0.0126355, 32785
0.0126582, 32750
0.012681, 32683
0.0127037, 32680
0.0127264, 32712
0.0127491, 32717
0.0127718, 32650
0.0127946, 32654
0.0128173, 32714
0.01284, 32731
0.0128627, 32686
0.0128855, 32699
0.0129082, 32744
0.0129309, 32736
0.0129536, 32649
0.0129764, 32568
0.0129991, 32629
0.0130218, 32577
0.0130445, 32528
0.0130673, 32631
0.01309, 32645
0.0131127, 32639
0.0131354, 32609
0.0131582, 32635
0.0131809, 32697
0.0132036, 32701
0.0132263, 32762
0.0132491, 32772
0.0132718, 32835
0.0132945, 32813
0.0133172, 32836
0.01334, 32771
0.0133627, 32817
0.0133854, 32933
0.0134081, 32879
0.0134309, 32869
0.0134536, 32893
0.0134763, 32898
0.013499, 32929
0.0135217, 32984
0.0135445, 32902
0.0135672, 32999
0.0135899, 32995
0.0136126, 33059
0.0136354, 32933
0.0136581, 32892
0.0136808, 32915
0.0137035, 32864
0.0137263, 32964
0.013749, 32842
0.0137717, 33046
0.0137944, 32913
0.0138172, 33049
0.0138399, 33075
0.0138626, 32887
0.0138853, 33051
0.0139081, 33041
0.0139308, 33004
0.0139535, 33057
0.0139762, 33102
0.013999, 32964
0.0140217, 33178
0.0140444, 33220
0.0140671, 33082
0.0140899, 33053
0.0141126, 33044
0.0141353, 33058
0.014158, 33013
0.0141808, 32891
0.0142035, 33012
0.0142262, 32899
0.0142489, 32945
0.0142717, 32945
0.0142944, 32891
0.0143171, 32873
0.0143398, 32739
0.0143625, 32858
0.0143853, 32820
0.014408, 32675
0.0144307, 32734
0.0144534, 32658
0.0144762, 32721
0.0144989, 32698
0.0145216, 32775
0.0145443, 32734
0.0145671, 32813
0.0145898, 32769
0.0146125, 32766
0.0146352, 32751
0.014658, 32660
0.0146807, 32739
0.0147034, 32748
0.0147261, 32726
0.0147489, 32693
0.0147716, 32748
0.0147943, 32632
0.014817, 32728
0.0148398, 32691
0.0148625, 32628
0.0148852, 32586
0.0149079, 32572
0.0149307, 32658
0.0149534, 32691
0.0149761, 32733
0.0149988, 32672
0.0150216, 32616
0.0150443, 32697
0.015067, 32747
0.0150897, 32765
0.0151124, 32599
0.0151352, 32719
0.0151579, 32745
0.0151806, 32846
0.0152033, 32882
0.0152261, 32794
0.0152488, 32849
0.0152715, 32842
0.0152942, 32952
0.015317, 32944
0.0153397, 32943
0.0153624, 32915
0.0153851, 32879
0.0154079, 32954
0.0154306, 32924
0.0154533, 32953
0.015476, 32943
0.0154988, 32961
0.0155215, 32841
0.0155442, 32873
0.0155669, 32916
0.0155897, 32893
0.0156124, 33003
0.0156351, 33008
0.0156578, 32933
0.0156806, 32943
0.0157033, 32996
0.015726, 32994
0.0157487, 32938
0.0157715, 33023
0.0157942, 33002
0.0158169, 33066
0.0158396, 33116
0.0158624, 33125
0.0158851, 33002
0.0159078, 33138
0.0159305, 33112
0.0159532, 33125
0.015976, 33003
0.0159987, 33060
0.0160214, 33108
0.0160441, 33069
0.0160669, 33041
0.0160896, 32988
0.0161123, 32886
0.016135, 32939
0.0161578, 32928
0.0161805, 32831
0.0162032, 32829
0.0162259, 32804
0.0162487, 32831
0.0162714, 32740
0.0162941, 32823
0.0163168, 32701
0.0163396, 32773
0.0163623, 32833
0.016385, 32748
0.0164077, 32767
0.0164305, 32765
0.0164532, 32784
0.0164759, 32654
0.0164986, 32760
0.0165214, 32726
0.0165441, 32722
0.0165668, 32745
0.0165895, 32791
0.0166123, 32825
0.016635, 32698
0.0166577, 32780
0.0166804, 32752
0.0167032, 32730
0.0167259, 32640
0.0167486, 32669
0.0167713, 32686
0.016794, 32582
0.0168168, 32594
0.0168395, 32608
0.0168622, 32670
0.0168849, 32609
0.0169077, 32671
0.0169304, 32736
0.0169531, 32602
0.0169758, 32697
0.0169986, 32723
0.0170213, 32826
0.017044, 32862
0.0170667, 32849
0.0170895, 32902
0.0171122, 32863
0.0171349, 32854
0.0171576, 32852
0.0171804, 32943
0.0172031, 32962
0.0172258, 32934
0.0172485, 32926
0.0172713, 32926
0.017294, 32976
0.0173167, 32994
0.0173394, 32934
0.0173622, 32914
0.0173849, 32909
0.0174076, 32977
0.0174303, 32909
0.0174531, 32953
0.0174758, 32886
0.0174985, 33013
0.0175212, 32926
0.0175439, 32904
0.0175667, 32889
0.0175894, 32902
0.0176121, 32963
0.0176348, 33014
0.0176576, 33024
0.0176803, 33141
0.017703, 33060
0.0177257, 33115
0.0177485, 33142
0.0177712, 33100
0.0177939, 32991
0.0178166, 33110
0.0178394, 33127
0.0178621, 33117
0.0178848, 33108
0.0179075, 33104
0.0179303, 32973
0.017953, 32998
0.0179757, 33025
0.0179984, 33047
0.0180212, 32909
0.0180439, 32885
0.0180666, 32810
0.0180893, 32823
0.0181121, 32849
0.0181348, 32766
0.0181575, 32778
0.0181802, 32791
0.018203, 32753
0.0182257, 32698
0.0182484, 32753
0.0182711, 32714
0.0182938, 32789
0.0183166, 32710
0.0183393, 32733
0.018362, 32714
0.0183847, 32781
0.0184075, 32729
0.0184302, 32816
0.0184529, 32705
0.0184756, 32785
0.0184984, 32670
0.0185211, 32685
0.0185438, 32797
0.0185665, 32695
0.0185893, 32703
0.018612, 32782
0.0186347, 32750
0.0186574, 32675
0.0186802, 32676
0.0187029, 32620
0.0187256, 32529
0.0187483, 32625
0.0187711, 32615
0.0187938, 32644
0.0188165, 32676
0.0188392, 32674
0.018862, 32697
0.0188847, 32649
0.0189074, 32822
0.0189301, 32838
0.0189529, 32772
0.0189756, 32730
0.0189983, 32787
0.019021, 32808
0.0190438, 32828
0.0190665, 32853
0.0190892, 32943
0.0191119, 32878
0.0191346, 32905
0.0191574, 32848
0.0191801, 32949
0.0192028, 32941
0.0192255, 32930
0.0192483, 32913
0.019271, 32806
0.0192937, 33014
0.0193164, 32983
0.0193392, 32870
0.0193619, 32906
0.0193846, 32940
0.0194073, 32906
0.0194301, 32988
0.0194528, 33030
0.0194755, 32930
0.0194982, 33053
0.019521, 32976
0.0195437, 33035
0.0195664, 33006
0.0195891, 32947
0.0196119, 33078
0.0196346, 33076
0.0196573, 33147
0.01968, 33050
0.0197028, 33107
0.0197255, 33143
0.0197482, 33145
0.0197709, 33030
0.0197937, 32998
0.0198164, 33011
0.0198391, 33044
0.0198618, 33082
0.0198845, 33062
0.0199073, 32801
0.01993, 32914
0.0199527, 32934
0.0199754, 32730
0.0199982, 32841
0.0200209, 32753
0.0200436, 32734
0.0200663, 32706
0.0200891, 32769
0.0201118, 32761
0.0201345, 32723
0.0201572, 32709
0.02018, 32800
0.0202027, 32735
0.0202254, 32648
0.0202481, 32759
0.0202709, 32676
0.0202936, 32749
0.0203163, 32814
0.020339, 32758
0.0203618, 32679
0.0203845, 32770
0.0204072, 32714
0.0204299, 32685
0.0204527, 32702
0.0204754, 32722
0.0204981, 32676
0.0205208, 32666
0.0205436, 32703
0.0205663, 32616
0.020589, 32643
0.0206117, 32648
0.0206345, 32690
0.0206572, 32665
0.0206799, 32635
0.0207026, 32640
0.0207253, 32669
0.0207481, 32621
0.0207708, 32682
0.0207935, 32648
0.0208162, 32736
0.020839, 32769
0.0208617, 32752
0.0208844, 32859
0.0209071, 32887
0.0209299, 32886
0.0209526, 32883
0.0209753, 32872
0.020998, 32917
0.0210208, 32927
0.0210435, 32951
0.0210662, 32893
0.0210889, 32967
0.0211117, 32892
0.0211344, 32896
0.0211571, 32915
0.0211798, 33023
0.0212026, 32884
0.0212253, 32806
0.021248, 32895
0.0212707, 32894
0.0212935, 33055
0.0213162, 32904
0.0213389, 32932
0.0213616, 33019
0.0213844, 33038
0.0214071, 32988
0.0214298, 33040
0.0214525, 33006
0.0214752, 32965
0.021498, 33061
0.0215207, 33081
0.0215434, 33129
0.0215661, 33100
0.0215889, 33083
0.0216116, 33105
0.0216343, 33091
0.021657, 33074
0.0216798, 32977
0.0217025, 32977
0.0217252, 33097
0.0217479, 33008
0.0217707, 33008
0.0217934, 32980
0.0218161, 32909
0.0218388, 32909
0.0218616, 32830
0.0218843, 32773
0.021907, 32839
0.0219297, 32692
0.0219525, 32719
0.0219752, 32711
0.0219979, 32757
0.0220206, 32679
0.0220434, 32739
0.0220661, 32779
0.0220888, 32789
0.0221115, 32699
0.0221343, 32722
0.022157, 32814
0.0221797, 32865
0.0222024, 32762
0.0222251, 32772
0.0222479, 32841
0.0222706, 32681
0.0222933, 32723
0.022316, 32701
0.0223388, 32772
0.0223615, 32733
0.0223842, 32703
0.0224069, 32718
0.0224297, 32683
0.0224524, 32613
0.0224751, 32638
0.0224978, 32561
0.0225206, 32585
0.0225433, 32697
0.022566, 32597
0.0225887, 32623
0.0226115, 32662
0.0226342, 32767
0.0226569, 32651
0.0226796, 32678
0.0227024, 32749
0.0227251, 32822
0.0227478, 32836
0.0227705, 32792
0.0227933, 32810
0.022816, 32867
0.0228387, 32841
0.0228614, 32968
0.0228842, 32965
0.0229069, 32915
0.0229296, 32877
0.0229523, 32834
0.022975, 32821
0.0229978, 32891
0.0230205, 32796
0.0230432, 32858
0.0230659, 32946
0.0230887, 32855
0.0231114, 32954
0.0231341, 32917
0.0231568, 32910
0.0231796, 33036
0.0232023, 33026
0.023225, 32979
0.0232477, 32942
