0, 34367
2.27273e-05, 34335
4.54545e-05, 34304
6.81818e-05, 34105
9.09091e-05, 34159
0.000113636, 34043
0.000136364, 33961
0.000159091, 33862
0.000181818, 33831
0.000204545, 33757
0.000227273, 33681
0.00025, 33565
0.000272727, 33294
0.000295454, 33226
0.000318181, 33124
0.000340909, 33106
0.000363636, 32939
0.000386363, 32819
0.00040909, 32705
0.000431817, 32626
0.000454544, 32572
0.000477272, 32513
0.000499999, 32294
0.000522726, 32183
0.000545454, 32231
0.000568181, 32089
0.000590908, 31940
0.000613635, 31883
0.000636363, 31872
0.00065909, 31843
0.000681817, 31762
0.000704545, 31714
0.000727272, 31579
0.000749999, 31485
0.000772726, 31501
0.000795454, 31552
0.000818181, 31575
0.000840908, 31510
0.000863636, 31474
0.000886363, 31472
0.00090909, 31574
0.000931818, 31563
0.000954545, 31568
0.000977272, 31658
0.000999999, 31803
0.00102273, 31889
0.00104545, 31938
0.00106818, 31870
0.00109091, 31959
0.00111363, 32103
0.00113636, 32215
0.00115909, 32257
0.00118182, 32274
0.00120454, 32553
0.00122727, 32632
0.00125, 32621
0.00127272, 32852
0.00129545, 32952
0.00131818, 33090
0.00134091, 33148
0.00136363, 33184
0.00138636, 33360
0.00140909, 33519
0.00143181, 33523
0.00145454, 33840
0.00147727, 33840
0.00149999, 33837
0.00152272, 33907
0.00154545, 34076
0.00156818, 34068
0.0015909, 34136
0.00161363, 34230
0.00163636, 34375
0.00165908, 34268
0.00168181, 34396
0.00170454, 34274
0.00172727, 34405
0.00174999, 34579
0.00177272, 34484
0.00179545, 34518
0.00181817, 34449
0.0018409, 34497
0.00186363, 34497
0.00188635, 34423
0.00190908, 34347
0.00193181, 34183
0.00195454, 34223
0.00197726, 34257
0.00199999, 34141
0.00202272, 34090
0.00204544, 33987
0.00206817, 34085
0.0020909, 33809
0.00211363, 33673
0.00213635, 33584
0.00215908, 33648
0.00218181, 33448
0.00220453, 33284
0.00222726, 33178
0.00224999, 33107
0.00227271, 32949
0.00229544, 32929
0.00231817, 32908
0.0023409, 32589
0.00236362, 32573
0.00238635, 32446
0.00240908, 32392
0.0024318, 32200
0.00245453, 32153
0.00247726, 32078
0.00249999, 31954
0.00252271, 31946
0.00254544, 31869
0.00256817, 31828
0.00259089, 31674
0.00261362, 31567
0.00263635, 31589
0.00265908, 31680
0.0026818, 31592
0.00270453, 31491
0.00272726, 31508
0.00274998, 31463
0.00277271, 31554
0.00279544, 31539
0.00281816, 31535
0.00284089, 31569
0.00286362, 31610
0.00288635, 31621
0.00290907, 31709
0.0029318, 31906
0.00295453, 31843
0.00297725, 32027
0.00299998, 32092
0.00302271, 32213
0.00304543, 32281
0.00306816, 32247
0.00309089, 32343
0.00311362, 32408
0.00313634, 32492
0.00315907, 32840
0.0031818, 32954
0.00320452, 32822
0.00322725, 33120
0.00324998, 33095
0.00327271, 33196
0.00329543, 33404
0.00331816, 33393
0.00334089, 33630
0.00336361, 33709
0.00338634, 33798
0.00340907, 33998
0.0034318, 34006
0.00345452, 34051
0.00347725, 34183
0.00349998, 34214
0.0035227, 34227
0.00354543, 34289
0.00356816, 34399
0.00359088, 34487
0.00361361, 34446
0.00363634, 34428
0.00365907, 34513
0.00368179, 34528
0.00370452, 34559
0.00372725, 34409
0.00374997, 34379
0.0037727, 34474
0.00379543, 34446
0.00381816, 34524
0.00384088, 34321
0.00386361, 34210
0.00388634, 34366
0.00390906, 34212
0.00393179, 34079
0.00395451, 34169
0.00397724, 33919
0.00399997, 33866
0.00402269, 33757
0.00404542, 33669
0.00406815, 33664
0.00409087, 33443
0.0041136, 33450
0.00413632, 33250
0.00415905, 33158
0.00418178, 32998
0.0042045, 32967
0.00422723, 32833
0.00424995, 32665
0.00427268, 32594
0.00429541, 32506
0.00431813, 32368
0.00434086, 32289
0.00436358, 32268
0.00438631, 32150
0.00440904, 32153
0.00443176, 31993
0.00445449, 31915
0.00447722, 31910
0.00449994, 31707
0.00452267, 31749
0.00454539, 31688
0.00456812, 31567
0.00459085, 31595
0.00461357, 31612
0.0046363, 31498
0.00465903, 31600
0.00468175, 31621
0.00470448, 31397
0.0047272, 31556
0.00474993, 31582
0.00477266, 31571
0.00479538, 31692
0.00481811, 31754
0.00484083, 31751
0.00486356, 31861
0.00488629, 31974
0.00490901, 31975
0.00493174, 32075
0.00495446, 32318
0.00497719, 32353
0.00499992, 32376
0.00502264, 32607
0.00504537, 32543
0.0050681, 32694
0.00509082, 32742
0.00511355, 32832
0.00513627, 33051
0.005159, 33045
0.00518173, 33239
0.00520445, 33323
0.00522718, 33428
0.0052499, 33540
0.00527263, 33585
0.00529536, 33717
0.00531808, 33944
0.00534081, 33948
0.00536354, 34065
0.00538626, 34024
0.00540899, 34227
0.00543171, 34238
0.00545444, 34198
0.00547717, 34390
0.00549989, 34458
0.00552262, 34521
0.00554534, 34457
0.00556807, 34543
0.0055908, 34479
0.00561352, 34463
0.00563625, 34551
0.00565897, 34414
0.0056817, 34560
0.00570443, 34509
0.00572715, 34394
0.00574988, 34439
0.00577261, 34295
0.00579533, 34193
0.00581806, 34239
0.00584078, 33999
0.00586351, 34158
0.00588624, 34063
0.00590896, 33855
0.00593169, 33905
0.00595441, 33749
0.00597714, 33710
0.00599987, 33524
0.00602259, 33407
0.00604532, 33372
0.00606805, 33145
0.00609077, 33114
0.0061135, 33067
0.00613622, 32833
0.00615895, 32847
0.00618168, 32584
0.0062044, 32579
0.00622713, 32494
0.00624985, 32304
0.00627258, 32333
0.00629531, 32137
0.00631803, 31997
0.00634076, 31991
0.00636348, 31941
0.00638621, 31921
0.00640894, 31722
0.00643166, 31607
0.00645439, 31655
0.00647712, 31658
0.00649984, 31543
0.00652257, 31620
0.00654529, 31620
0.00656802, 31610
0.00659075, 31598
0.00661347, 31438
0.0066362, 31657
0.00665893, 31668
0.00668165, 31551
0.00670438, 31706
0.0067271, 31751
0.00674983, 31720
0.00677256, 31894
0.00679528, 31813
0.00681801, 31981
0.00684073, 31985
0.00686346, 32136
0.00688619, 32263
0.00690891, 32366
0.00693164, 32445
0.00695436, 32550
0.00697709, 32647
0.00699982, 32723
0.00702254, 32794
0.00704527, 32996
0.007068, 33101
0.00709072, 33216
0.00711345, 33359
0.00713617, 33375
0.0071589, 33638
0.00718163, 33586
0.00720435, 33628
0.00722708, 33868
0.0072498, 33871
0.00727253, 33975
0.00729526, 34104
0.00731798, 34187
0.00734071, 34186
0.00736343, 34355
0.00738616, 34266
0.00740889, 34415
0.00743161, 34400
0.00745434, 34299
0.00747707, 34500
0.00749979, 34549
0.00752252, 34541
0.00754524, 34555
0.00756797, 34374
0.0075907, 34528
0.00761342, 34387
0.00763615, 34438
0.00765887, 34409
0.0076816, 34392
0.00770433, 34257
0.00772705, 34190
0.00774978, 34176
0.00777251, 34082
0.00779523, 33876
0.00781796, 33880
0.00784068, 33783
0.00786341, 33619
0.00788613, 33721
0.00790885, 33477
0.00793158, 33454
0.0079543, 33377
0.00797703, 33191
0.00799975, 33073
0.00802248, 32979
0.0080452, 32834
0.00806792, 32765
0.00809065, 32679
0.00811337, 32582
0.0081361, 32351
0.00815882, 32411
0.00818155, 32321
0.00820427, 32237
0.00822699, 31974
0.00824972, 32028
0.00827244, 31991
0.00829517, 31756
0.00831789, 31793
0.00834062, 31697
0.00836334, 31594
0.00838606, 31696
0.00840879, 31555
0.00843151, 31591
0.00845424, 31579
0.00847696, 31504
0.00849969, 31577
0.00852241, 31588
0.00854513, 31460
0.00856786, 31644
0.00859058, 31534
0.00861331, 31657
0.00863603, 31717
0.00865876, 31651
0.00868148, 31742
0.0087042, 31852
0.00872693, 31923
0.00874965, 32010
0.00877238, 32004
0.0087951, 32166
0.00881783, 32352
0.00884055, 32416
0.00886327, 32508
0.008886, 32634
0.00890872, 32557
0.00893145, 32928
0.00895417, 33019
0.0089769, 32935
0.00899962, 33210
0.00902234, 33188
0.00904507, 33280
0.00906779, 33515
0.00909052, 33534
0.00911324, 33542
0.00913597, 33793
0.00915869, 33686
0.00918141, 33986
0.00920414, 34052
0.00922686, 34092
0.00924959, 34152
0.00927231, 34174
0.00929504, 34339
0.00931776, 34167
0.00934048, 34385
0.00936321, 34418
0.00938593, 34473
0.00940866, 34482
0.00943138, 34516
0.00945411, 34560
0.00947683, 34449
0.00949955, 34436
0.00952228, 34521
0.009545, 34340
0.00956773, 34287
0.00959045, 34335
0.00961317, 34169
0.0096359, 34220
0.00965862, 34037
0.00968135, 34098
0.00970407, 34014
0.0097268, 33800
0.00974952, 33828
0.00977224, 33786
0.00979497, 33516
0.00981769, 33488
0.00984042, 33371
0.00986314, 33387
0.00988587, 33279
0.00990859, 33045
0.00993131, 33022
0.00995404, 32891
0.00997676, 32790
0.00999949, 32610
0.0100222, 32625
0.0100449, 32482
0.0100677, 32408
0.0100904, 32183
0.0101131, 32187
0.0101358, 32081
0.0101586, 31894
0.0101813, 31849
0.010204, 31871
0.0102267, 31791
0.0102495, 31718
0.0102722, 31559
0.0102949, 31541
0.0103176, 31549
0.0103404, 31518
0.0103631, 31625
0.0103858, 31537
0.0104085, 31454
0.0104312, 31551
0.010454, 31589
0.0104767, 31577
0.0104994, 31660
0.0105221, 31637
0.0105449, 31687
0.0105676, 31767
0.0105903, 31706
0.010613, 31923
0.0106358, 31833
0.0106585, 31962
0.0106812, 32131
0.0107039, 32141
0.0107267, 32210
0.0107494, 32336
0.0107721, 32416
0.0107948, 32576
0.0108176, 32620
0.0108403, 32737
0.010863, 32894
0.0108857, 32896
0.0109085, 33077
0.0109312, 33216
0.0109539, 33270
0.0109766, 33413
0.0109994, 33590
0.0110221, 33596
0.0110448, 33739
0.0110675, 33844
0.0110903, 33937
0.011113, 34029
0.0111357, 34052
0.0111584, 34164
0.0111811, 34309
0.0112039, 34198
0.0112266, 34303
0.0112493, 34360
0.011272, 34356
0.0112948, 34554
0.0113175, 34448
0.0113402, 34434
0.0113629, 34507
0.0113857, 34455
0.0114084, 34550
0.0114311, 34528
0.0114538, 34425
0.0114766, 34279
0.0114993, 34357
0.011522, 34202
0.0115447, 34287
0.0115675, 34153
0.0115902, 34065
0.0116129, 33993
0.0116356, 34072
0.0116584, 33913
0.0116811, 33846
0.0117038, 33691
0.0117265, 33588
0.0117493, 33520
0.011772, 33424
0.0117947, 33312
0.0118174, 33149
0.0118402, 32993
0.0118629, 33006
0.0118856, 32840
0.0119083, 32713
0.0119311, 32652
0.0119538, 32471
0.0119765, 32433
0.0119992, 32302
0.0120219, 32207
0.0120447, 32123
0.0120674, 32090
0.0120901, 31951
0.0121128, 31973
0.0121356, 31823
0.0121583, 31716
0.012181, 31773
0.0122037, 31665
0.0122265, 31636
0.0122492, 31674
0.0122719, 31484
0.0122946, 31539
0.0123174, 31472
0.0123401, 31324
0.0123628, 31442
0.0123855, 31668
0.0124083, 31530
0.012431, 31539
0.0124537, 31640
0.0124764, 31651
0.0124992, 31823
0.0125219, 31815
0.0125446, 31815
0.0125673, 32050
0.0125901, 32141
0.0126128, 32133
0.0126355, 32337
0.0126582, 32234
0.012681, 32492
0.0127037, 32465
0.0127264, 32658
0.0127491, 32841
0.0127718, 32811
0.0127946, 33051
0.0128173, 33041
0.01284, 33140
0.0128627, 33388
0.0128855, 33367
0.0129082, 33515
0.0129309, 33590
0.0129536, 33747
0.0129764, 33775
0.0129991, 33773
0.0130218, 33956
0.0130445, 34095
0.0130673, 34176
0.01309, 34292
0.0131127, 34286
0.0131354, 34305
0.0131582, 34409
0.0131809, 34304
0.0132036, 34418
0.0132263, 34383
0.0132491, 34441
0.0132718, 34561
0.0132945, 34411
0.0133172, 34424
0.01334, 34546
0.0133627, 34483
0.0133854, 34372
0.0134081, 34365
0.0134309, 34374
0.0134536, 34209
0.0134763, 34285
0.013499, 34091
0.0135217, 33947
0.0135445, 34050
0.0135672, 33892
0.0135899, 33804
0.0136126, 33835
0.0136354, 33610
0.0136581, 33498
0.0136808, 33435
0.0137035, 33233
0.0137263, 33204
0.013749, 33048
0.0137717, 33041
0.0137944, 32842
0.0138172, 32806
0.0138399, 32595
0.0138626, 32537
0.0138853, 32348
0.0139081, 32361
0.0139308, 32242
0.0139535, 32225
0.0139762, 32146
0.013999, 31945
0.0140217, 31915
0.0140444, 31789
0.0140671, 31688
0.0140899, 31700
0.0141126, 31620
0.0141353, 31607
0.014158, 31624
0.0141808, 31566
0.0142035, 31548
0.0142262, 31593
0.0142489, 31550
0.0142717, 31665
0.0142944, 31644
0.0143171, 31520
0.0143398, 31623
0.0143625, 31678
0.0143853, 31810
0.014408, 31725
0.0144307, 31831
0.0144534, 31960
0.0144762, 31958
0.0144989, 32083
0.0145216, 32041
0.0145443, 32157
0.0145671, 32359
0.0145898, 32371
0.0146125, 32485
0.0146352, 32675
0.014658, 32673
0.0146807, 32786
0.0147034, 32937
0.0147261, 33073
0.0147489, 33220
0.0147716, 33244
0.0147943, 33344
0.014817, 33580
0.0148398, 33630
0.0148625, 33670
0.0148852, 33684
0.0149079, 33874
0.0149307, 33834
0.0149534, 34094
0.0149761, 33997
0.0149988, 34126
0.0150216, 34219
0.0150443, 34233
0.015067, 34341
0.0150897, 34392
0.0151124, 34367
0.0151352, 34499
0.0151579, 34536
0.0151806, 34434
0.0152033, 34499
0.0152261, 34495
0.0152488, 34377
0.0152715, 34383
0.0152942, 34367
0.015317, 34387
0.0153397, 34313
0.0153624, 34233
0.0153851, 34317
0.0154079, 34101
0.0154306, 34117
0.0154533, 34019
0.015476, 33931
0.0154988, 33826
0.0155215, 33716
0.0155442, 33568
0.0155669, 33545
0.0155897, 33457
0.0156124, 33282
0.0156351, 33230
0.0156578, 33090
0.0156806, 32950
0.0157033, 32946
0.015726, 32772
0.0157487, 32559
0.0157715, 32498
0.0157942, 32378
0.0158169, 32253
0.0158396, 32384
0.0158624, 32089
0.0158851, 32039
0.0159078, 31889
0.0159305, 31870
0.0159532, 31821
0.015976, 31590
0.0159987, 31654
0.0160214, 31687
0.0160441, 31606
0.0160669, 31532
0.0160896, 31504
0.0161123, 31535
0.016135, 31477
0.0161578, 31456
0.0161805, 31463
0.0162032, 31553
0.0162259, 31434
0.0162487, 31444
0.0162714, 31552
0.0162941, 31563
0.0163168, 31684
0.0163396, 31732
0.0163623, 31748
0.016385, 31814
0.0164077, 31921
0.0164305, 32017
0.0164532, 32111
0.0164759, 32307
0.0164986, 32257
0.0165214, 32395
0.0165441, 32491
0.0165668, 32636
0.0165895, 32797
0.0166123, 32830
0.016635, 33003
0.0166577, 33020
0.0166804, 33299
0.0167032, 33339
0.0167259, 33433
0.0167486, 33525
0.0167713, 33567
0.016794, 33696
0.0168168, 33757
0.0168395, 33938
0.0168622, 33865
0.0168849, 34041
0.0169077, 34142
0.0169304, 34095
0.0169531, 34252
0.0169758, 34257
0.0169986, 34373
0.0170213, 34371
0.017044, 34291
0.0170667, 34414
0.0170895, 34541
0.0171122, 34343
0.0171349, 34416
0.0171576, 34366
0.0171804, 34354
0.0172031, 34426
0.0172258, 34361
0.0172485, 34280
0.0172713, 34227
0.017294, 34167
0.0173167, 34230
0.0173394, 33986
0.0173622, 34039
0.0173849, 33902
0.0174076, 33839
0.0174303, 33719
0.0174531, 33548
0.0174758, 33512
0.0174985, 33348
0.0175212, 33336
0.0175439, 33311
0.0175667, 33133
0.0175894, 32943
0.0176121, 32994
0.0176348, 32806
0.0176576, 32599
0.0176803, 32519
0.017703, 32439
0.0177257, 32435
0.0177485, 32272
0.0177712, 32201
0.0177939, 32125
0.0178166, 32015
0.0178394, 31974
0.0178621, 31802
0.0178848, 31728
0.0179075, 31680
0.0179303, 31619
0.017953, 31522
0.0179757, 31572
0.0179984, 31479
0.0180212, 31389
0.0180439, 31408
0.0180666, 31334
0.0180893, 31416
0.0181121, 31491
0.0181348, 31351
0.0181575, 31536
0.0181802, 31571
0.018203, 31522
0.0182257, 31561
0.0182484, 31724
0.0182711, 31779
0.0182938, 31858
0.0183166, 31901
0.0183393, 32060
0.018362, 32032
0.0183847, 32129
0.0184075, 32254
0.0184302, 32378
0.0184529, 32460
0.0184756, 32554
0.0184984, 32834
0.0185211, 32874
0.0185438, 32920
0.0185665, 33061
0.0185893, 33155
0.018612, 33197
0.0186347, 33328
0.0186574, 33551
0.0186802, 33449
0.0187029, 33675
0.0187256, 33800
0.0187483, 33816
0.0187711, 33971
0.0187938, 33964
0.0188165, 34052
0.0188392, 34066
0.018862, 34122
0.0188847, 34296
0.0189074, 34309
0.0189301, 34353
0.0189529, 34301
0.0189756, 34402
0.0189983, 34407
0.019021, 34595
0.0190438, 34409
0.0190665, 34491
0.0190892, 34335
0.0191119, 34292
0.0191346, 34352
0.0191574, 34267
0.0191801, 34358
0.0192028, 34214
0.0192255, 33976
0.0192483, 34045
0.019271, 33946
0.0192937, 33849
0.0193164, 33909
0.0193392, 33562
0.0193619, 33697
0.0193846, 33549
0.0194073, 33490
0.0194301, 33399
0.0194528, 33315
0.0194755, 33137
0.0194982, 33061
0.019521, 32891
0.0195437, 32794
0.0195664, 32736
0.0195891, 32572
0.0196119, 32502
0.0196346, 32413
0.0196573, 32282
0.01968, 32141
0.0197028, 32085
0.0197255, 32030
0.0197482, 32000
0.0197709, 31847
0.0197937, 31858
0.0198164, 31705
0.0198391, 31509
0.0198618, 31616
0.0198845, 31529
0.0199073, 31512
0.01993, 31424
0.0199527, 31476
0.0199754, 31476
0.0199982, 31492
0.0200209, 31442
0.0200436, 31471
0.0200663, 31498
0.0200891, 31629
0.0201118, 31597
0.0201345, 31627
0.0201572, 31802
0.02018, 31780
0.0202027, 31765
0.0202254, 32006
0.0202481, 31892
0.0202709, 32079
0.0202936, 32228
0.0203163, 32195
0.020339, 32328
0.0203618, 32534
0.0203845, 32603
0.0204072, 32786
0.0204299, 32864
0.0204527, 32940
0.0204754, 33048
0.0204981, 33112
0.0205208, 33211
0.0205436, 33406
0.0205663, 33513
0.020589, 33511
0.0206117, 33568
0.0206345, 33828
0.0206572, 33793
0.0206799, 33807
0.0207026, 33954
0.0207253, 34084
0.0207481, 34209
0.0207708, 34281
0.0207935, 34289
0.0208162, 34305
0.020839, 34347
0.0208617, 34426
0.0208844, 34354
0.0209071, 34451
0.0209299, 34451
0.0209526, 34533
0.0209753, 34329
0.020998, 34334
0.0210208, 34285
0.0210435, 34376
0.0210662, 34353
0.0210889, 34283
0.0211117, 34269
0.0211344, 34165
0.0211571, 34153
0.0211798, 34048
0.0212026, 33825
0.0212253, 33865
0.021248, 33768
0.0212707, 33783
0.0212935, 33751
0.0213162, 33609
0.0213389, 33521
0.0213616, 33303
0.0213844, 33197
0.0214071, 33133
0.0214298, 32985
0.0214525, 32866
0.0214752, 32742
0.021498, 32709
0.0215207, 32627
0.0215434, 32508
0.0215661, 32463
0.0215889, 32271
0.0216116, 32151
0.0216343, 32160
0.021657, 32006
0.0216798, 31916
0.0217025, 31795
0.0217252, 31766
0.0217479, 31752
0.0217707, 31659
0.0217934, 31616
0.0218161, 31461
0.0218388, 31529
0.0218616, 31433
0.0218843, 31501
0.021907, 31472
0.0219297, 31474
0.0219525, 31470
0.0219752, 31543
0.0219979, 31546
0.0220206, 31561
0.0220434, 31578
0.0220661, 31766
0.0220888, 31707
0.0221115, 31937
0.0221343, 31916
0.022157, 31913
0.0221797, 32161
0.0222024, 32179
0.0222251, 32215
0.0222479, 32359
0.0222706, 32449
0.0222933, 32543
0.022316, 32739
0.0223388, 32767
0.0223615, 32889
0.0223842, 33030
0.0224069, 33059
0.0224297, 33351
0.0224524, 33338
0.0224751, 33410
0.0224978, 33526
0.0225206, 33553
0.0225433, 33738
0.022566, 33868
0.0225887, 33938
0.0226115, 33958
0.0226342, 34088
0.0226569, 34206
0.0226796, 34173
0.0227024, 34223
0.0227251, 34426
0.0227478, 34465
0.0227705, 34382
0.0227933, 34440
0.022816, 34503
0.0228387, 34357
0.0228614, 34475
0.0228842, 34481
0.0229069, 34404
0.0229296, 34398
0.0229523, 34429
0.022975, 34294
0.0229978, 34329
0.0230205, 34363
0.0230432, 34281
0.0230659, 34170
0.0230887, 34012
0.0231114, 33986
0.0231341, 33799
0.0231568, 33845
0.0231796, 33696
0.0232023, 33721
0.023225, 33556
0.0232477, 33531
